Calibration error of each image:
Mean pixel error of image 0: 0.0601
Mean pixel error of image 1: 0.1155
Mean pixel error of image 2: 0.0673
Mean pixel error of image 3: 0.0843
Mean pixel error of image 4: 0.0741
Mean pixel error of image 5: 0.0618
Mean pixel error of image 6: 0.0729
Mean pixel error of image 7: 0.0715
Mean pixel error of image 8: 0.0632
Mean pixel error of image 9: 0.0653
Mean pixel error of image 10: 0.0802
Mean pixel error of image 11: 0.0724
Mean pixel error of image 12: 0.0704
Mean pixel error of image 13: 0.0612
Mean pixel error of image 14: 0.0591
Mean pixel error of image 15: 0.0551
Mean pixel error of image 16: 0.0625
Mean pixel error of image 17: 0.0727
Mean pixel error of image 18: 0.0772
Mean pixel error of image 19: 0.0586
Mean pixel error of image 20: 0.0624
Mean pixel error of image 21: 0.0588
Mean pixel error of image 22: 0.0593
Mean pixel error of image 23: 0.0548
Mean pixel error of image 24: 0.1134
Mean pixel error of image 25: 0.0634

Mean pixel error of whole images: 1.8174

camera intrinsics:
[690.3781500845372, 0, 335.5325201106766;
 0, 689.9102182599723, 272.5908523143349;
 0, 0, 1]

distortion coefficients:
[0.3885444956907605, -1.49135645073175, -0.001226501924413693, -0.002594126301883166, 1.704359328513067]

rotation matrix of image 0:
[0.9658075661800667, -0.01450590106109934, -0.2588538660011507;
 0.07083439743244203, 0.9752095114433896, 0.2096399220824322;
 0.2493957362300305, -0.2208075805418623, 0.9428922415236696]
translation matrix of image 0:
[-2.629500561176985;
 -6.414520120076005;
 46.80077406906915]
rotation matrix of image 1:
[0.6323801611757071, -0.774618947813401, -0.007798553702198091;
 0.7522110177489231, 0.6116187444196293, 0.2451552492843777;
 -0.1851321596279693, -0.1608974740728255, 0.9694524672764872]
translation matrix of image 1:
[2.356035854920291;
 -14.97366202418652;
 58.02333944155462]
rotation matrix of image 2:
[0.000761073368627789, -0.9980045154089188, -0.06313800749736059;
 0.9066601789900273, 0.02732413956023047, -0.4209759033852943;
 0.4218610441852852, -0.0569243236297301, 0.9048717482484457]
translation matrix of image 2:
[16.6687677961853;
 -7.55646027665046;
 48.04378966957871]
rotation matrix of image 3:
[-0.07159304702588114, -0.8137579090887431, 0.5767776876865702;
 0.9779347251314426, 0.05651433684833589, 0.2011213641378819;
 -0.1962603092824417, 0.5784498207503478, 0.7917560835726181]
translation matrix of image 3:
[17.40280465699302;
 -10.03156463072274;
 52.21734345948821]
rotation matrix of image 4:
[0.1546725829648628, -0.9401193292515458, -0.3037302073330881;
 0.9652008761625207, 0.07817495642696386, 0.2495514873583089;
 -0.2108640811852022, -0.3317594353673537, 0.9194955227246375]
translation matrix of image 4:
[-1.489866401752327;
 -11.17487084698714;
 56.53777262252652]
rotation matrix of image 5:
[0.9881006915855218, -0.02413248231294443, 0.1519034120276063;
 0.03608829288958899, 0.9964202308706072, -0.07644840500678368;
 -0.1495147431009013, 0.08102065668199321, 0.9854344193229146]
translation matrix of image 5:
[-2.072932479880274;
 -17.64583951168674;
 57.08844147199511]
rotation matrix of image 6:
[0.986606323727157, 0.05729348634834339, 0.1527266132788803;
 -0.102673120979139, 0.9456639471180669, 0.3085092046430399;
 -0.1267524840387262, -0.3200580502707754, 0.9388805314026286]
translation matrix of image 6:
[-5.687621152905359;
 -3.529013512950688;
 54.10592239590896]
rotation matrix of image 7:
[0.9869368862441548, 0.05335317292800573, -0.1520165172249603;
 -0.02153140266940073, 0.9787889030902691, 0.2037367956124666;
 0.1596620846343315, -0.1978022298303591, 0.967151640956245]
translation matrix of image 7:
[5.566159667916489;
 -6.27323990680117;
 83.38624890185343]
rotation matrix of image 8:
[0.06698181516816193, 0.8920785689108842, -0.4468884238002669;
 -0.9712615124440996, 0.1608246912888783, 0.1754608022227099;
 0.2283955141450421, 0.4222928433702682, 0.8772139098057417]
translation matrix of image 8:
[-1.844216515645666;
 11.78045945212777;
 73.85402380860833]
rotation matrix of image 9:
[0.04368016344492006, 0.7578666623012544, -0.6509455933438535;
 -0.9837947910825859, 0.146042827733031, 0.1040158714163915;
 0.1738960964489891, 0.6358534537455124, 0.7519644492924563]
translation matrix of image 9:
[-1.623145310293695;
 10.60338417258669;
 73.36219471532726]
rotation matrix of image 10:
[-0.1704792603707377, -0.944346337598214, -0.2813304399603543;
 0.8901391755148909, -0.02514594989519556, -0.4549944278972421;
 0.4225980004651188, -0.32799035941428, 0.8448865332896335]
translation matrix of image 10:
[17.48915240168974;
 -3.518019609445913;
 62.53416662259828]
rotation matrix of image 11:
[0.03371748279910164, 0.8781955277600886, 0.4771118803549873;
 -0.9865482869832596, 0.1056487797978999, -0.1247429868874836;
 -0.1599550211906095, -0.4664878887488872, 0.8699445044636569]
translation matrix of image 11:
[6.240588679686508;
 10.74067511635308;
 73.45136256917023]
rotation matrix of image 12:
[0.1227310415923251, 0.9810103975184118, -0.1501855232385285;
 -0.9809878704713956, 0.1428407359036793, 0.131374739407892;
 0.1503325959918844, 0.1312064180109455, 0.9798902930711568]
translation matrix of image 12:
[14.47583958202498;
 11.99085149218785;
 77.26525870256829]
rotation matrix of image 13:
[0.0812379232281413, -0.9895236243394402, 0.1193457024937095;
 0.9886451951059004, 0.09518952084195313, 0.1162739580297135;
 -0.1264162886007765, 0.1085447004510941, 0.9860207756332456]
translation matrix of image 13:
[-15.72459441083942;
 -10.35322062507917;
 75.57191692471464]
rotation matrix of image 14:
[0.9120856121609501, 0.02120037390867912, -0.409451316074472;
 -0.0770789889511912, 0.9897219798885595, -0.1204542734307592;
 0.4026892915775724, 0.1414247031872514, 0.9043452812820725]
translation matrix of image 14:
[-28.67617105368603;
 -25.33265901028371;
 76.59632921364675]
rotation matrix of image 15:
[0.9370514868344417, -0.002453806407792487, -0.3491826024524636;
 0.05010341996114087, 0.9905729843717304, 0.1274943525850508;
 0.3455780061426938, -0.1369640152266163, 0.9283408319165131]
translation matrix of image 15:
[-31.07022484354305;
 4.057042845007571;
 79.40891029749578]
rotation matrix of image 16:
[0.9924927105822143, 0.04961846325789722, -0.1117865266706757;
 -0.0532365160610794, 0.9981426904888865, -0.02961490809179261;
 0.1101094582624373, 0.03534370562818212, 0.9932908585472943]
translation matrix of image 16:
[8.342787401459027;
 4.947936133785215;
 78.09792631068898]
rotation matrix of image 17:
[0.9961619523693989, 0.04532326687399842, -0.07488101315724685;
 -0.04720403060000602, 0.9986078581321641, -0.02353986346190632;
 0.0737098646498632, 0.02698420198115584, 0.9969145944847728]
translation matrix of image 17:
[9.761899963341611;
 -25.90176196158649;
 81.41744250302625]
rotation matrix of image 18:
[0.6471278577698075, 0.0341522879092397, 0.7616161480226269;
 -0.09689294431953262, 0.9945794515482524, 0.03772892655601237;
 -0.7561992416283896, -0.09821067044136, 0.6469291855930654]
translation matrix of image 18:
[-1.564136558011602;
 -0.6865148379173917;
 76.02382721791673]
rotation matrix of image 19:
[0.8424075000995208, -0.01118944266031459, -0.5387247907318055;
 -0.1468106568155517, 0.9571945225216196, -0.2494499490879781;
 0.5184556247370283, 0.2892290483813134, 0.8047051154000313]
translation matrix of image 19:
[3.144500775704917;
 -1.668275508415296;
 65.83574125483176]
rotation matrix of image 20:
[0.9803346528065726, -0.05989304268902597, 0.1880340180501053;
 0.03687980163796127, 0.9916483691687166, 0.1235855661320102;
 -0.1938655429357198, -0.1142205557790513, 0.9743561032290828]
translation matrix of image 20:
[-5.250285165730721;
 -8.356725288424975;
 50.7215092550549]
rotation matrix of image 21:
[0.01399480517918544, 0.9975640361870275, -0.06833841624037913;
 -0.9778325467136784, 0.02793398843425263, 0.2075167532456038;
 0.2089202144729859, 0.06391937105762001, 0.9758415127407523]
translation matrix of image 21:
[-7.345391814028854;
 12.98670747971961;
 61.87025541275329]
rotation matrix of image 22:
[0.2758164113794525, -0.8941011647427829, -0.3528574987432745;
 0.8550481946799856, 0.3959247640837325, -0.3348673856315936;
 0.4391103414726853, -0.2093482466868068, 0.8737021343804202]
translation matrix of image 22:
[4.433551344489655;
 -14.88030369093567;
 48.46620854419823]
rotation matrix of image 23:
[0.8253320835325924, -0.1126568779747327, -0.5532950205240745;
 0.2800450795489765, 0.9325536913846844, 0.2278560205594891;
 0.4903077659105118, -0.3430044322305254, 0.801215485470705]
translation matrix of image 23:
[-10.93528089441985;
 -6.57097247327376;
 52.13066098393789]
rotation matrix of image 24:
[0.7514624864420013, 0.4849769884523679, 0.4473270080624204;
 -0.571526294564625, 0.8172322877361273, 0.07408834255674138;
 -0.329638932912413, -0.311333757490651, 0.8912965081021681]
translation matrix of image 24:
[-8.68271985485633;
 -1.11955621436179;
 54.70077166365193]
rotation matrix of image 25:
[0.9990826500173854, -0.04280672009959001, 0.00120131118114409;
 0.04160085179799626, 0.9768299503850892, 0.2099347926389173;
 -0.01016009664913363, -0.2096922333921297, 0.9777146514659074]
translation matrix of image 25:
[1.483725422699282;
 -7.766095716494228;
 68.62644512783515]
